clear
close all
clc


Ts=1e-3;

T1=[0,3,6,9,13,17,20,23];
T2=T1+75;
t=0:Ts:100;
for k=1:length(t)
    if t(k)<=50
        T=T1;
        P=[0, -0.60, 0, -2.25, 0, 1.5, 0.8;
            -0.75, 0.25, 0, -0.8, -1.2, 0.5, -1.8;
            1.5, 0.6, -0.83, -0.5, 1.04, 1.6, -2.0;
            0.25, -0.55, 0.3, -1.75, 0.25, 0.75, 0.50;
            -1.20, 0.84, -0.85, -1.0, 1.07, 2.55, 2.05;
            -2.25, -1.2, 2.23, -0.63, -0.54, 2.8, 1.3;
            -0.25, 1.0, -0.23, -1.33, -0.24, 1.1, -2.5;
            0, -0.60, 0, -2.25, 0, 1.5, 0.8];
    else
        T=T2;
        P=[0, -0.60, 0, -2.25, 0, 1.5, 0.8;
            -1.20, 0.84, -0.85, -1.0, 1.07, 2.55, 2.05;
            1.5, 0.6, -0.83, -0.5, 1.04, 1.6, -2.0;
            -0.25, 1.0, -0.23, -1.33, -0.24, 1.1, -2.5;
            0.25, -0.55, 0.3, -1.75, 0.25, 0.75, 0.50;
            -0.75, 0.25, 0, -0.8, -1.2, 0.5, -1.8;
            -2.25, -1.2, 2.23, -0.63, -0.54, 2.8, 1.3;
            0, -0.60, 0, -2.25, 0, 1.5, 0.8];
    end
    yy(k,:)=traj_gen_fun(t(k),T,P);
end


plot(t,yy,'LineWidth',1.5);hold on;
plot(T1,P,'*')





