function Xn=matrix_Xn(sin_q,cos_q)

% q1=q(1);q2=q(2);q3=q(3);q4=q(4);q5=q(5);q6=q(6);q7=q(7);
% s1=sin(q1);c1=cos(q1);s2=sin(q2);c2=cos(q2);s3=sin(q3);c3=cos(q3);
% s4=sin(q4);c4=cos(q4);s5=sin(q5);c5=cos(q5);s6=sin(q6);c6=cos(q6);
% s7=sin(q7);c7=cos(q7);
s1=sin_q(1);s2=sin_q(2);s3=sin_q(3);s4=sin_q(4);s5=sin_q(5);s6=sin_q(6);s7=sin_q(7);
c1=cos_q(1);c2=cos_q(2);c3=cos_q(3);c4=cos_q(4);c5=cos_q(5);c6=cos_q(6);c7=cos_q(7);
% Xn=sym(zeros(48,6));
Xn=zeros(48,6);

Xn(1,1)=c1;
Xn(1,2)=s1;
Xn(2,1)=-s1;
Xn(2,2)=c1;
Xn(3,3)=1;
Xn(4,1)=-(333*s1)/1000;
Xn(4,2)=(333*c1)/1000;
Xn(4,4)=c1;
Xn(4,5)=s1;
Xn(5,1)=-(333*c1)/1000;
Xn(5,2)=-(333*s1)/1000;
Xn(5,4)=-s1;
Xn(5,5)=c1;
Xn(6,6)=1;
Xn(7,1)=c2;
Xn(7,3)=-s2;
Xn(8,1)=-s2;
Xn(8,3)=-c2;
Xn(9,2)=1;
Xn(10,4)=c2;
Xn(10,6)=-s2;
Xn(11,4)=-s2;
Xn(11,6)=-c2;
Xn(12,5)=1;
Xn(13,1)=c3;
Xn(13,3)=s3;
Xn(14,1)=-s3;
Xn(14,3)=c3;
Xn(15,2)=-1;
Xn(16,1)=-(79*s3)/250;
Xn(16,3)=(79*c3)/250;
Xn(16,4)=c3;
Xn(16,6)=s3;
Xn(17,1)=-(79*c3)/250;
Xn(17,3)=-(79*s3)/250;
Xn(17,4)=-s3;
Xn(17,6)=c3;
Xn(18,5)=-1;
Xn(19,1)=c4;
Xn(19,3)=s4;
Xn(20,1)=-s4;
Xn(20,3)=c4;
Xn(21,2)=-1;
Xn(22,2)=-(33*s4)/400;
Xn(22,4)=c4;
Xn(22,6)=s4;
Xn(23,2)=-(33*c4)/400;
Xn(23,4)=-s4;
Xn(23,6)=c4;
Xn(24,3)=-33/400;
Xn(24,5)=-1;
Xn(25,1)=c5;
Xn(25,3)=-s5;
Xn(26,1)=-s5;
Xn(26,3)=-c5;
Xn(27,2)=1;
Xn(28,1)=-(48*s5)/125;
Xn(28,2)=-(33*s5)/400;
Xn(28,3)=-(48*c5)/125;
Xn(28,4)=c5;
Xn(28,6)=-s5;
Xn(29,1)=-(48*c5)/125;
Xn(29,2)=-(33*c5)/400;
Xn(29,3)=(48*s5)/125;
Xn(29,4)=-s5;
Xn(29,6)=-c5;
Xn(30,3)=-33/400;
Xn(30,5)=1;
Xn(31,1)=c6;
Xn(31,3)=s6;
Xn(32,1)=-s6;
Xn(32,3)=c6;
Xn(33,2)=-1;
Xn(34,4)=c6;
Xn(34,6)=s6;
Xn(35,4)=-s6;
Xn(35,6)=c6;
Xn(36,5)=-1;
Xn(37,1)=c7;
Xn(37,3)=s7;
Xn(38,1)=-s7;
Xn(38,3)=c7;
Xn(39,2)=-1;
Xn(40,2)=-(11*s7)/125;
Xn(40,4)=c7;
Xn(40,6)=s7;
Xn(41,2)=-(11*c7)/125;
Xn(41,4)=-s7;
Xn(41,6)=c7;
Xn(42,3)=-11/125;
Xn(42,5)=-1;
Xn(43,1)=1;
Xn(44,2)=1;
Xn(45,3)=1;
Xn(46,2)=107/1000;
Xn(46,4)=1;
Xn(47,1)=-107/1000;
Xn(47,5)=1;
Xn(48,6)=1;
