function parf=fricparmes()

% c1=0.245;c2=0.578;
c3=1.38758;c4=-0.17453;
% c3=0;c4=0;
% c_par=[c1,c2,c3,c4]';
c2 =[0.0665, 0.1987, 0.0399, 0.2257,  0.1023, -0.0132, 0.0638]';
c1 =[0.245, 0.1523, 0.1827, 0.3591, 0.2669, 0.1658, 0.2109]' ;
weg=[0.8147
    0.9058
    0.1270
    0.9134
    0.6324
    0.0975
    0.2785];
% par=zeros(4,7);
% par(1,:)=c1;par(2,:)=c2;

par3=c3*weg;
par4=c4*weg;

parf=[c1;c2;par3;par4];









